528 428 385
17 426 838870
180 422 632891
118 309 374519
330 11 525758
416 319 363698
445 376 559296
420 53 35267
296 215 684719
420 389 49264
357 169 660448
99 288 183703
320 334 287477
146 456 297397
158 139 368557
246 350 933109
366 322 166222
5 363 375712
205 221 140960
460 440 413746
477 231 503123
58 417 708486
387 478 888578
87 234 201814
251 210 99123
163 164 36728
349 72 775036
61 321 679417
267 253 992391
425 97 94657
464 39 41970
461 33 440296
182 7 565010
8 432 608311
434 85 444845
378 133 710041
282 118 803568
127 55 615175
51 485 910979
0 279 164115
105 512 304275
442 98 18775
218 61 130956
426 354 40257
160 284 81251
503 159 405525
277 385 256916
158 349 604640
514 379 330448
482 394 420250
178 289 819153
83 149 644559
512 328 692832
255 489 274856
466 453 797259
496 242 345148
437 492 178966
324 265 136388
202 193 94098
103 383 390719
293 475 219792
222 483 401898
464 486 720016
216 468 209770
184 145 920043
56 156 406053
205 68 893239
481 35 885334
137 353 933371
479 459 611507
169 201 48358
395 360 951729
83 137 671179
79 329 371998
107 241 382917
73 108 869013
440 474 43284
148 168 751662
524 391 314651
323 283 398375
120 290 100808
377 18 136081
161 314 556004
1 76 968909
245 411 310220
427 15 19396
324 204 968452
190 166 785291
241 207 73700
396 388 106002
406 327 393828
119 22 32168
429 45 234786
427 406 377788
77 372 934130
256 504 858550
425 243 968527
454 107 358419
341 200 19148
250 412 185579
290 278 483912
188 495 709768
416 281 120601
146 337 990886
48 378 86596
156 179 628780
253 514 852153
42 101 52159
231 83 419
176 285 237671
451 184 853249
409 40 877897
197 437 633419
221 282 605072
370 238 543877
494 439 907628
68 352 185273
441 414 727437
133 216 230679
128 252 869372
481 399 97821
123 450 330180
174 186 907093
28 333 615416
66 148 44707
41 135 372448
385 444 300979
364 276 534734
422 431 71582
56 202 344151
403 313 900810
93 185 934732
394 194 962696
0 17 352844
41 433 668333
429 8 447810
222 364 992084
322 482 145173
455 366 76930
323 117 891279
10 122 267946
281 34 797120
378 81 638995
43 223 490759
458 345 95230
145 257 553952
388 51 662524
327 442 810406
480 497 290290
121 198 976706
429 413 779682
355 490 388468
67 261 79321
23 361 954347
426 80 242806
177 46 351620
134 91 456528
232 78 690722
186 292 375834
327 177 203362
391 347 206008
512 62 296896
161 484 800518
271 20 432612
207 297 983784
426 339 853858
334 153 202705
390 73 225539
457 317 341124
421 458 378663
51 143 437453
484 310 499401
109 9 203676
188 255 521760
230 161 369949
75 232 887486
332 142 781191
499 1 895913
389 302 589118
290 229 331533
339 170 603805
75 182 322954
35 264 8756
391 180 972556
422 423 693818
167 316 327925
323 356 550510
506 262 489866
219 75 288078
33 225 785707
342 88 361728
129 124 723860
522 371 979594
450 517 330750
337 396 156179
461 447 587711
500 178 194112
111 113 85636
377 377 297952
48 428 200313
243 150 228076
154 286 116435
354 110 14367
221 496 594943
388 395 974400
120 213 728514
447 480 568997
230 335 206544
23 403 828138
187 219 623543
60 266 222103
356 152 618647
246 41 370187
490 527 322006
494 344 987475
143 312 405562
277 175 898505
124 380 814531
209 340 164089
117 69 557499
22 280 572365
511 263 296199
56 250 826153
32 105 916282
293 370 305113
414 404 115560
237 56 367213
141 355 150978
84 6 113662
339 218 135267
394 112 587934
106 509 172730
464 111 643413
258 402 171423
156 226 146305
431 511 875284
36 14 601517
219 435 386136
103 359 677364
93 38 82164
105 487 287480
271 95 136951
471 516 331004
224 208 70619
25 214 401804
13 77 820459
438 323 564550
62 298 946087
12 401 754069
172 99 143258
193 427 627868
64 154 571252
413 4 555034
227 227 321929
490 217 213001
234 5 338727
93 365 196478
111 269 393096
402 235 301126
495 256 349085
80 500 446279
265 249 410725
235 28 338838
8 195 786664
114 224 395694
162 373 61706
143 296 842059
329 52 690547
88 19 640096
394 460 230225
26 342 876632
371 301 658944
59 425 414191
465 441 423993
123 102 102669
21 59 410941
194 409 384029
288 429 372767
317 510 286305
498 103 898667
442 259 792548
470 196 910773
289 16 776201
400 351 395041
253 84 283268
77 300 572657
181 30 286782
163 307 880946
402 330 442803
337 74 392442
457 183 746088
88 320 763232
95 325 112353
106 272 774929
477 90 694237
91 465 402461
260 520 218625
438 211 854688
278 87 627045
197 499 211301
95 273 768464
318 24 947260
244 212 286459
435 63 458597
478 181 792115
174 209 246662
454 2 800316
39 416 268961
168 454 160465
349 246 988260
212 60 13511
339 96 211396
274 524 210476
330 381 837976
520 126 827578
369 174 832292
226 506 7811
359 348 192216
440 410 742259
4 247 636978
452 57 437300
238 304 128310
430 277 276213
231 382 218927
20 481 258926
92 131 578728
237 66 130290
245 106 949159
363 197 315654
174 513 571058
324 523 589454
4 245 786524
404 220 792879
357 375 40803
485 464 981882
386 384 888214
121 82 954941
522 522 445129
273 21 350552
38 397 627972
280 192 933186
186 12 34189
42 136 145708
277 134 758334
110 455 704003
448 466 364329
204 462 983576
51 326 841773
119 141 971938
141 503 500114
98 27 735442
432 430 368468
502 525 182983
357 3 307967
511 518 112763
466 386 978350
221 172 473927
10 491 250510
484 23 305339
87 190 540940
135 157 690819
38 476 516986
460 461 660687
331 240 781594
41 507 191785
461 258 470507
377 48 246171
323 457 807918
186 336 570405
522 415 698745
160 390 909692
428 138 653581
447 188 53479
117 318 863467
275 187 640173
276 452 826644
434 171 109911
51 508 645169
252 43 834434
136 47 158158
515 501 736324
181 94 382030
169 191 586515
187 254 861383
482 244 647826
375 291 323077
244 467 682908
492 100 678455
72 199 858046
266 493 924159
187 130 481160
357 13 15578
61 419 869464
194 515 689894
373 418 833696
139 86 404778
388 443 373358
281 473 371352
103 58 536976
341 93 292733
25 158 357407
284 114 713054
449 70 581069
377 228 373779
439 367 414849
485 436 124535
72 424 539023
303 470 368978
123 163 300933
121 222 244573
37 144 795069
370 305 789959
487 275 558619
91 128 607317
316 421 551675
464 239 210463
337 120 904971
463 160 939507
223 10 940493
165 369 559610
121 407 263708
335 505 388217
27 400 7601
159 71 680321
505 472 677208
511 67 665666
236 519 673613
56 109 165175
193 26 904024
1
4
2
1
2
1
2
1
1
1
1
4
2
1
4
4
4
1
1
1
2
1
1
2
2
1
2
4
2
2
1
2
4
4
2
1
4
4
2
4
2
4
1
4
4
1
2
2
4
2
2
1
2
4
2
1
1
2
4
4
4
1
1
1
1
4
1
2
2
1
2
4
1
1
2
1
4
2
1
2
4
2
4
2
4
2
2
4
4
4
1
1
4
1
4
4
4
1
4
2
1
4
4
1
2
1
2
4
1
1
2
2
1
4
1
2
2
2
1
1
1
4
1
1
1
2
4
1
2
1
1
4
2
4
4
2
1
4
2
4
1
4
2
1
2
1
4
2
1
2
1
2
1
4
2
1
1
4
2
4
1
1
2
4
4
4
1
2
2
4
4
2
4
1
2
4
2
2
2
1
1
4
4
2
4
2
4
1
2
1
1
4
4
1
4
4
2
4
1
4
1
2
1
1
4
1
2
2
1
4
4
4
1
1
1
2
1
1
2
4
2
1
1
2
4
4
1
1
1
2
4
4
4
2
4
4
4
2
4
4
4
2
2
1
2
2
2
4
4
1
2
4
2
1
2
1
2
4
2
4
1
2
4
4
4
1
4
4
2
2
2
4
2
1
2
1
1
2
1
2
1
2
1
4
4
2
4
1
1
1
4
2
2
1
4
1
4
1
2
1
1
1
2
1
2
4
1
2
1
4
2
4
4
1
1
1
4
1
1
2
1
4
2
2
2
4
4
4
4
1
4
2
1
1
1
2
2
2
1
1
2
2
1
4
2
2
1
2
4
4
4
4
2
4
1
4
2
1
4
4
2
1
1
4
1
4
4
1
4
2
4
1
1
2
4
1
1
2
1
2
4
1
1
2
1
