748 969
2 279
1 172 3807 479
2 575
2 292
2 53
3 657 741
3 624 317
1 1100 5882 599
2 246
1 11662 14204 660
1 2629 13320 428
1 17671 24244 455
1 7648 23465 287
3 329 687
1 11439 19983 116
2 491
2 706
3 49 643
1 16104 27242 23
2 259
3 40 412
2 166
2 333
1 1519 28623 748
2 546
3 574 618
2 163
2 34
3 622 417
1 2330 28571 406
2 442
3 185 698
2 575
2 349
1 22837 18125 351
1 17179 5167 396
2 431
2 687
2 394
1 22197 18718 621
3 217 394
3 32 344
3 281 414
3 599 249
3 54 64
2 524
1 216 22572 543
1 9423 25331 554
1 6888 16921 397
2 49
1 10999 28145 600
1 23244 24311 425
1 32533 10426 655
2 743
1 11679 21605 472
3 746 410
1 31939 18163 64
2 40
2 210
3 609 374
2 589
2 612
1 3572 21743 559
3 662 437
3 390 353
3 215 588
3 379 203
2 241
1 24094 15600 230
3 431 238
3 499 460
1 25480 18703 215
2 485
3 304 391
3 137 328
3 167 341
3 708 3
1 17210 525 511
2 196
2 682
1 14380 30786 656
3 731 499
3 117 652
2 246
2 565
2 13
2 257
1 8383 19980 220
2 166
3 359 78
1 2623 9129 598
2 497
1 1369 17091 116
1 3142 25096 551
3 323 441
3 93 453
1 4666 16054 740
1 12004 7600 524
2 657
1 16964 21843 232
3 117 585
2 433
2 344
3 18 409
2 434
3 303 564
1 18793 11119 379
2 443
3 728 687
2 148
3 473 384
1 24231 4614 406
1 15607 23700 195
2 165
1 7881 26840 736
3 669 7
2 535
2 507
2 289
1 10188 19420 397
1 18548 13734 50
1 18256 29285 542
1 13187 25087 233
1 14695 13752 288
1 30591 16725 510
1 8109 26497 376
3 289 609
2 15
1 452 26240 333
3 577 651
1 22825 3923 135
2 179
3 389 649
1 25689 25430 663
2 522
2 656
2 215
1 23799 25634 522
2 353
1 10002 5013 614
2 23
1 5383 1135 611
2 254
3 124 495
1 22228 14534 697
3 561 255
1 28106 30804 146
2 392
3 225 614
1 7056 15759 102
1 16832 32409 559
2 643
2 166
3 414 665
3 157 17
3 671 635
2 68
3 140 549
2 274
3 5 639
1 9039 23159 183
1 5897 15124 491
3 523 271
3 44 748
1 17760 563 101
1 22048 13733 160
1 17793 432 415
3 330 218
1 30971 22906 735
3 230 6
3 166 444
3 322 255
2 589
3 404 629
3 721 429
2 169
2 632
1 1122 407 673
3 67 623
3 24 394
1 7354 4912 735
2 209
1 11618 10770 713
2 592
1 19400 15828 191
3 426 430
1 8182 8260 486
1 24282 12893 62
3 686 400
3 249 354
3 504 724
2 473
3 391 135
1 3179 4523 327
1 11408 28008 213
2 603
2 335
1 27010 8782 726
3 496 15
2 305
2 25
1 15318 12244 63
1 31662 30646 640
3 236 208
2 575
3 647 442
3 576 156
2 635
3 65 186
1 22708 15394 511
2 293
1 26847 30603 243
1 18709 25489 233
2 417
3 69 138
3 509 621
1 27142 3163 178
3 526 338
1 18821 5034 64
2 281
1 3636 17145 555
3 464 664
1 14777 10403 21
1 27014 7881 36
3 610 520
3 739 692
2 588
1 6769 5045 679
2 673
1 12820 28890 680
3 557 498
2 475
3 630 513
2 154
1 30850 1084 745
2 636
1 22062 14344 732
2 619
3 179 147
3 472 69
3 252 375
2 331
3 291 361
1 7202 482 371
1 9641 30808 378
3 525 182
2 704
1 16783 18809 495
1 3196 12152 457
1 3552 16528 299
2 458
1 21508 10069 510
1 29221 12136 617
2 483
3 285 87
1 2211 24260 576
2 96
3 125 550
1 2755 7467 3
2 304
1 31474 20386 294
2 625
3 331 545
2 278
1 21617 11519 102
1 26279 1160 548
2 605
3 293 19
2 623
2 266
1 21484 7766 272
1 15546 3825 62
2 281
2 62
1 11017 5353 236
1 16739 16473 15
2 513
3 620 34
3 58 132
2 150
1 32208 26075 73
1 23856 29401 395
2 544
2 462
3 251 629
3 55 441
2 519
3 612 430
1 19216 9093 21
3 547 35
3 269 195
3 111 477
3 440 223
3 53 615
1 12244 2845 334
3 643 602
1 14874 13190 266
2 401
3 139 567
3 659 447
2 20
3 595 136
3 453 379
2 665
2 499
2 723
3 268 736
1 32736 10630 110
2 37
3 638 556
3 21 395
2 339
3 236 164
1 7896 947 528
2 719
1 16411 14616 450
3 151 558
1 8563 309 736
1 22968 17343 119
1 25995 2143 596
1 6131 8786 453
3 365 499
1 6056 4413 144
3 444 24
1 3398 12877 494
2 477
1 27108 12099 222
3 292 628
1 20893 11680 166
2 79
2 564
1 1022 11025 447
3 434 270
2 514
2 556
1 15106 29505 225
2 458
2 208
3 395 742
2 128
2 363
3 129 493
2 187
1 22604 23519 711
2 122
1 10270 21101 617
1 3725 4593 222
3 505 486
2 498
2 237
1 31230 5931 98
3 587 63
3 534 283
1 29574 8678 123
3 124 228
3 550 166
1 7868 2437 722
1 26649 11490 157
2 281
3 428 616
2 4
2 83
1 15936 1418 684
3 64 46
1 32583 14644 394
3 723 72
2 60
1 5090 2647 315
1 9556 22957 441
3 715 409
3 585 493
1 29727 22422 394
2 398
3 314 459
1 6365 17476 609
2 653
1 8397 26280 523
2 736
1 23994 32728 405
3 37 479
3 367 242
3 379 99
1 15371 2381 689
2 604
3 410 620
2 678
2 12
3 574 25
2 151
2 275
1 28372 5667 261
1 9861 18162 301
2 576
3 522 375
2 151
3 602 676
3 570 453
3 393 52
1 6089 3042 125
2 223
2 338
2 730
3 695 602
3 648 645
3 302 637
1 32565 17527 213
2 412
1 19671 30916 14
2 5
1 25658 10348 45
2 43
1 3506 32673 221
2 544
3 270 246
1 17196 4869 579
1 12419 10981 516
3 625 577
1 3388 28135 706
3 428 395
2 617
1 3399 6704 449
1 21345 23640 492
3 328 385
3 47 273
1 7935 19666 293
3 126 403
2 264
2 149
1 18670 24057 40
2 230
1 8804 24390 399
1 7462 29461 617
2 496
2 131
2 428
3 479 498
3 335 92
3 276 488
2 175
1 3583 22985 469
2 609
2 69
2 548
3 390 14
3 477 78
3 511 712
3 558 391
1 24920 26459 168
3 58 289
2 333
1 26606 27715 603
3 734 373
1 24620 29037 722
2 23
1 20220 17275 141
3 417 117
3 182 164
3 258 694
2 400
2 469
2 219
2 601
3 336 288
3 656 64
2 654
1 2786 3136 441
3 639 249
3 576 741
1 13283 18379 122
1 22847 3100 222
1 31254 27324 708
1 17614 25476 605
2 12
2 425
2 318
2 394
3 660 192
2 410
2 301
3 78 479
1 11270 18409 64
3 394 64
2 368
1 32046 31055 433
1 24258 16981 574
3 583 313
1 26291 17111 275
3 671 484
2 532
2 582
2 26
1 23280 16575 387
1 16742 10742 224
1 31595 18833 27
1 19081 68 49
1 11614 8322 493
1 10900 23966 455
2 499
1 10108 29209 628
1 20493 12564 273
3 506 313
1 17638 19334 591
1 12380 15371 459
1 20605 17387 62
1 4023 24816 501
3 697 744
3 47 307
3 194 541
3 399 101
2 353
2 548
2 57
2 208
1 31863 12105 117
2 36
2 253
1 7438 14155 690
1 27472 4573 743
3 90 565
1 28243 13731 187
1 5686 30253 182
1 18353 6701 557
1 16178 20652 736
2 93
1 26445 24020 1
2 538
1 18036 28534 706
3 518 570
1 1743 21104 527
3 533 468
1 19952 911 75
3 184 158
1 9153 7756 75
1 22451 17971 183
1 1349 2344 124
1 20016 3084 293
2 703
2 614
3 590 708
3 622 408
3 10 6
1 23487 15919 147
2 239
1 25944 32228 38
2 455
1 25082 19205 43
2 131
2 558
3 324 77
3 334 360
1 7759 10080 37
3 260 290
3 422 639
3 738 298
1 8390 21292 550
2 398
1 16904 30552 644
1 30309 31339 390
3 23 94
2 502
2 327
2 30
1 30491 22073 696
2 224
3 68 16
2 26
1 10722 19265 320
3 319 134
2 210
1 27033 18006 353
1 9183 24620 55
1 7346 5069 193
3 134 283
3 555 378
1 12503 29758 271
1 10609 28570 268
2 285
3 496 491
3 266 349
1 19702 29216 258
2 71
3 552 157
2 609
1 24957 2050 160
1 26544 7571 635
1 1639 17139 683
1 11230 10877 319
1 30292 2955 546
2 194
2 684
2 569
3 203 613
1 31524 171 607
2 496
1 7929 21106 705
3 283 580
3 80 480
1 12085 18734 507
1 1992 23024 303
3 60 87
3 570 302
1 27617 4990 142
3 678 726
3 463 706
1 31837 14744 432
2 662
3 25 372
2 495
3 158 582
1 62 2130 109
1 16176 3397 189
1 6364 29047 484
2 421
1 21918 20416 400
3 406 543
2 76
3 207 569
2 723
3 223 63
3 580 582
2 112
3 87 350
3 80 663
3 470 520
2 533
2 167
3 69 320
1 8104 15367 44
1 22160 566 289
1 17593 15135 484
2 423
2 528
1 4780 7124 592
2 264
1 28739 9927 487
1 15614 13292 744
3 533 55
2 591
2 139
2 279
2 105
2 47
1 1057 15516 2
3 413 615
2 191
3 324 427
3 400 682
1 10455 24296 345
3 650 304
3 602 360
2 478
3 452 500
2 467
3 487 23
3 586 669
2 199
2 744
3 739 304
3 149 4
2 666
1 31136 23286 384
1 19886 30824 624
2 105
3 535 143
1 18824 24151 419
3 139 648
3 567 200
1 22642 12042 159
1 29417 26121 527
1 16511 17208 531
2 506
2 683
2 49
2 618
3 242 719
2 485
3 150 74
3 94 457
1 19904 14936 223
2 117
3 454 2
3 700 252
3 367 393
3 644 527
1 21118 5890 138
2 483
3 642 3
1 10602 980 33
3 197 427
1 21636 26074 115
1 14410 24305 194
3 6 361
1 7755 21614 443
3 281 177
3 701 302
2 394
1 15162 28467 36
3 259 547
2 562
1 20243 2924 150
3 707 737
3 516 284
2 407
1 11153 30753 595
1 6415 13777 510
3 445 57
1 8014 29456 543
3 535 566
3 449 663
1 7546 3926 454
1 6401 22739 600
3 326 712
1 30366 26994 371
2 415
1 32328 13435 168
3 738 127
3 120 413
3 351 56
1 6333 4286 16
2 642
3 422 30
2 523
1 23880 9896 305
3 152 519
3 450 327
2 723
3 708 206
2 215
2 428
2 31
2 274
2 237
3 681 314
2 153
3 348 365
1 22 29078 479
3 464 241
2 404
2 301
3 69 521
1 23207 15366 458
3 201 745
3 345 254
1 3149 20734 461
1 2846 19702 641
1 5550 22545 679
1 28365 14386 630
3 403 288
3 387 102
1 21269 28843 182
3 654 253
2 342
3 217 389
1 6504 17976 414
2 59
3 684 605
2 396
1 32330 24387 449
2 598
2 520
2 385
1 20836 25076 726
3 470 487
1 3062 15388 88
3 519 45
3 615 54
2 260
3 120 598
3 368 344
1 21501 1924 391
3 342 423
2 712
3 224 11
2 436
2 613
1 11068 10567 75
2 5
1 18506 16567 654
3 36 620
1 3306 23396 435
1 20262 26606 617
2 331
3 344 711
3 83 345
2 147
3 33 212
1 2143 17894 604
1 23744 18723 122
2 615
2 301
2 508
3 663 116
1 24317 8310 451
1 30290 20231 242
1 12550 30080 200
3 716 8
1 10200 28034 457
3 80 650
2 78
3 501 529
1 803 4455 570
2 330
3 244 192
2 628
3 566 532
2 530
2 633
3 404 511
3 637 450
1 24421 27537 689
2 740
1 14372 2475 470
2 205
3 654 736
3 414 459
1 9081 12407 596
1 25000 17405 411
2 104
1 25459 27005 289
2 388
1 13711 8767 322
1 25778 2508 656
1 7900 3523 204
2 387
2 576
1 2544 9271 283
1 9872 7983 616
1 8524 13459 645
3 448 211
1 19197 19736 400
3 656 451
2 686
2 63
3 17 392
3 484 490
1 1476 1052 76
3 80 426
2 241
3 185 672
2 653
2 454
2 410
1 12258 9464 611
3 332 726
2 221
2 719
3 48 198
1 5599 29551 87
3 474 341
2 566
1 10438 14300 37
2 570
3 621 599
1 268 25936 670
2 361
2 614
1 5219 8381 569
3 575 532
3 143 318
3 656 427
2 157
3 24 716
3 385 404
1 2821 32061 534
1 6865 24720 247
2 54
3 178 502
1 16382 16527 358
1 8838 29054 511
1 9696 2919 324
1 4110 8089 97
2 345
1 13402 25035 698
3 204 462
1 10153 12810 307
1 26962 20406 4
2 298
2 648
1 10954 10194 87
2 286
2 510
2 74
1 29126 9757 299
2 533
2 261
2 12
2 303
3 534 512
1 8015 31404 309
1 19836 31568 581
2 60
3 27 200
1 28653 32223 539
1 7987 11523 600
1 18862 7358 361
3 457 733
1 12553 11655 248
3 720 603
1 18238 27336 504
3 132 529
1 29765 8480 405
3 556 287
3 74 130
2 271
1 4955 25461 303
1 20758 32740 520
3 621 358
3 193 11
2 163
3 694 336
1 19298 2317 34
2 248
1 5518 9000 678
2 712
3 349 327
3 174 389
3 651 475
1 28041 4020 440
3 265 316
1 27234 10838 245
2 126
3 459 685
3 121 665
3 163 36
2 302
1 2708 5604 634
1 11161 4851 551
3 487 230
3 704 596
1 21837 27447 162
1 16533 8712 640
1 21154 2637 489
1 4973 10340 398
2 53
2 481
3 201 321
1 27989 15378 699
3 463 653
1 15270 6781 366
1 31320 28003 343
1 26893 2238 102
3 334 74
2 85
1 28454 2173 241
2 387
2 475
1 8888 31886 630
1 14433 10693 511
2 709
1 19235 19378 622
2 347
3 324 179
1 5039 29277 21
3 31 395
3 492 633
2 26
1 5628 11556 306
3 327 222
3 181 650
2 147
1 26042 22509 389
2 472
2 692
2 345
2 218
3 140 428
3 604 308
1 20475 17221 437
2 82
