555 8 358
113 514 659217
95 342 197238
102 492 165604
542 402 670149
342 553 752135
469 373 565243
375 516 653976
372 147 431125
5 773385186207495
2
1
2
1
5 58033925074950
2
5 275450164275232
1
2
5 703060033511250
1
1
1
1
5 533663536017967
1
2
1
1
2
1
1
5 319054696211698
5 721524921524972
2
5 484351170032287
2
5 453976774515002
1
5 935339664904874
2
5 848928526473643
2
5 872849863778303
5 345240541706901
1
5 411663720695968
5 807016854612091
1
1
1
1
2
2
1
1
1
2
2
5 821937706767140
1
5 798342833409955
5 681046577474906
5 600544588834468
5 629847886667465
2
1
1
5 69150070327703
1
5 599446510982459
1
5 966203961401629
5 670001977725517
2
1
5 157474362787753
1
2
1
2
2
1
2
2
5 312591440264271
1
5 972339882381852
1
1
5 722479468126629
2
1
1
1
1
1
2
5 490072585115493
1
2
1
1
1
5 516131555390156
2
2
2
1
1
1
5 62049215002876
2
1
2
2
5 662357609538767
1
2
5 106615823202304
1
5 285746859437743
2
5 777388552903838
2
5 700742588532014
2
1
5 170718827774831
1
1
1
2
1
1
1
5 676760265437820
5 355374205808778
2
2
5 756126814723602
1
2
5 25102539904087
2
1
2
5 101228564623510
2
5 360014788054935
5 920150118270066
1
5 842014563529128
2
2
5 693922048095875
2
1
1
1
5 66499295760713
5 605497378344219
1
1
2
1
2
2
1
1
5 738852156650791
1
1
5 873665025089269
5 801322190277005
1
5 450155597056393
1
2
2
5 182009182044440
2
2
1
2
1
2
2
1
5 41074209194489
2
1
1
1
1
2
1
1
2
5 270128034720985
2
2
2
5 316956889713232
2
1
2
5 677097441642488
2
1
1
2
2
5 470557685414973
2
1
5 822560760970195
1
1
2
5 828452849678230
5 158070332367283
2
5 8706564072096
5 957184052753427
5 93053186762620
5 751274403026780
2
5 272321631650563
2
1
2
2
1
5 915217028290286
2
1
5 296931762171306
2
5 408590571700437
2
5 325387453953006
2
5 544056288937979
1
1
1
1
2
5 351484378792723
1
1
1
5 761364588624582
5 549406563491285
5 962989167950741
5 315398727820627
5 786756202316297
1
5 240309876893074
1
1
2
5 496798129403339
1
1
2
2
5 9453464647546
5 512914566723317
2
5 113523086171915
1
1
1
5 97146424644087
1
5 454529865388574
1
2
5 167553794419662
2
1
2
2
1
5 264864690193102
5 587299503925775
1
1
2
5 512536705762822
2
5 114618219563211
1
1
1
5 19068830625348
2
2
1
2
5 741860676331819
1
5 243915641358330
1
5 961715824899694
2
1
5 360186503102988
5 496490437883186
5 286825138511561
1
5 858665273803512
2
5 75953398583351
5 980812907842768
2
2
2
2
5 414252387175126
2
2
5 589951415343103
5 331871114780475
5 124749767865182
5 193299257305575
2
1
5 121667874514517
2
1
1
5 496753010755255
2
2
5 662372085617862
2
2
1
1
2
5 63756626728672
2
2
2
5 723903421058741
2
2
2
5 221858572275819
1
5 390965584552020
2
2
5 391361723534878
2
2
5 105702277742928
1
1
2
5 777499817496932
1
5 760992626176807
2
