2291 1130
1 5483 32079 1910
1 29175 17395 202
2 670
2 946
1 16162 10392 2284
3 2153 2050
1 26992 31830 1036
1 32264 19090 42
1 1352 22464 1837
3 37 1142
1 31925 6479 2033
2 778
3 350 1819
1 394 32214 1116
3 1347 747
3 818 1483
2 2248
3 1203 2278
3 1112 1829
2 1812
1 8316 22646 1935
3 925 1948
3 1994 2283
2 795
3 1684 2261
1 15987 15060 1791
2 1185
1 28373 32764 1237
2 60
3 148 2233
1 8321 6378 955
2 1749
2 625
2 1044
2 916
2 1513
3 1442 1192
1 8207 22286 1992
1 705 621 1363
1 21519 24236 1522
3 1131 475
3 96 493
3 2158 1968
3 365 2074
3 2106 2059
2 261
2 698
3 334 327
3 1792 212
2 1094
2 204
3 245 1286
2 297
1 29662 24995 2267
3 896 707
3 1371 851
1 31224 15385 1501
2 1797
2 24
3 1318 1937
1 11731 5883 209
1 17565 29341 1114
1 899 17259 516
2 1176
3 1906 859
2 340
3 1607 1081
1 27783 28822 2256
2 416
1 7732 26453 490
1 19829 15180 834
2 1699
1 32467 19662 1472
3 278 1149
3 204 2121
2 767
1 25460 492 169
3 158 580
3 796 2088
1 270 31767 590
3 17 429
1 22290 20794 23
2 286
1 12707 5054 552
1 21391 15914 1028
2 1975
2 235
1 19043 15443 1967
3 992 608
2 1920
1 8177 16069 1652
1 15621 19068 1186
3 1795 636
1 27627 16975 1627
2 1774
2 656
3 2022 2230
1 1423 1427 1603
2 790
2 529
3 133 1448
3 556 417
1 19113 16972 1379
1 23894 16499 356
3 389 2197
3 2142 337
3 1584 815
3 1392 768
1 6549 8961 1000
1 694 7266 188
3 1170 2261
1 24634 2077 1160
1 22320 5279 2264
3 255 90
2 737
2 1521
3 1081 712
1 19633 25561 1654
2 2143
2 1512
1 2481 7342 1158
2 1578
3 834 1171
1 31700 16124 846
2 2072
2 1773
1 7351 6334 1789
3 2289 1761
1 13931 6936 1505
1 26214 30351 1047
1 9189 31629 1109
1 24773 18890 533
1 9784 25598 892
3 470 766
1 5834 19022 92
1 32689 6106 1655
3 1378 672
2 1422
2 287
1 5674 823 1512
3 2216 605
1 25145 20108 1708
2 507
2 629
1 1023 13627 1684
1 8407 26111 1483
3 749 898
2 741
3 593 45
1 13090 6637 462
3 578 1353
1 29297 16650 1631
1 18592 3737 1526
2 1312
1 20165 28006 251
2 76
1 28683 16118 663
2 847
2 1729
1 5279 15996 1829
1 32752 24924 793
3 173 710
2 1366
2 797
1 21711 29218 2157
2 1627
3 127 788
1 31976 13057 143
2 2054
1 24392 25752 1594
1 18213 1624 803
2 1749
3 819 511
1 25262 29285 431
1 23096 9804 1651
3 5 749
3 674 1833
3 1621 967
1 28038 32666 30
1 15469 30903 746
2 1296
2 281
1 22703 17560 1620
1 20494 31984 545
3 225 1331
1 23864 4034 2231
3 927 606
2 164
1 5961 22586 1558
3 2240 1897
1 12310 16040 1778
3 340 970
1 21138 31947 380
1 29925 28533 2219
2 2276
3 1353 1922
2 1656
2 2026
2 22
1 849 30993 275
3 1957 975
2 449
2 2128
1 15848 31666 182
3 1846 799
1 1882 9107 1201
1 1171 5003 1810
1 30795 26618 1610
3 2136 2
3 1540 790
3 923 1316
3 1278 1821
2 1316
1 16310 3809 434
3 2288 1436
1 5789 12784 254
3 1576 395
3 1595 1134
3 1127 958
2 1131
2 1745
2 1937
3 258 149
3 563 470
1 28436 19649 258
1 25787 1613 1088
2 1304
2 32
1 18583 30530 1819
1 739 3464 1513
1 14639 27001 1622
1 20138 30619 1414
2 1452
1 14294 29045 1429
2 990
2 97
3 718 2062
1 4478 7536 1973
1 17414 29310 1855
3 25 1520
3 1547 296
3 2137 1775
3 495 674
3 226 1747
3 1189 1260
1 8568 2225 7
3 1708 1521
3 639 1318
3 279 946
1 3591 14603 1459
1 8722 22289 2252
1 23322 24284 1933
3 2270 1260
1 29578 14871 660
2 1389
2 1460
2 1329
1 14538 1050 667
2 1192
3 1386 1014
2 2067
3 745 1238
2 1001
3 1761 76
3 1379 623
2 2208
1 8025 23763 2070
3 1961 2230
2 1873
3 53 1869
3 2007 436
1 25219 30089 667
3 1259 1521
3 705 707
3 291 1855
2 397
3 975 528
1 6029 27492 987
2 1210
1 9397 25096 163
1 10696 3235 1569
3 1808 1572
3 13 1818
3 1740 1952
2 1202
1 7314 6578 911
3 441 1293
3 1184 314
1 13954 2351 211
1 23749 474 820
3 925 1776
1 10902 17473 468
2 1939
1 30652 21275 1535
1 12293 31832 2066
3 841 630
2 1158
2 72
2 1606
1 30850 21461 684
2 96
1 2219 26981 1184
2 972
2 615
2 143
3 353 1121
3 2170 377
1 16838 31522 21
3 2076 1554
2 1278
2 1309
2 2159
2 1253
3 742 632
1 23582 20608 1026
1 1298 26975 1405
3 740 1599
1 7578 27569 8
2 537
3 478 1265
3 1362 1958
3 738 1154
1 24410 15375 1801
3 78 172
2 1986
3 894 558
2 446
3 179 1634
1 6514 4117 573
1 18466 23563 1872
1 20856 20049 778
3 763 788
2 756
3 98 2037
1 15818 29301 312
3 2245 1403
3 446 1734
1 18066 20664 356
2 262
1 23281 16051 25
3 458 1680
3 478 1836
2 36
3 1298 1244
3 2288 243
3 1690 501
1 21677 18125 332
2 2279
2 2170
3 623 344
1 17919 23005 682
2 649
3 1694 1084
1 19485 12257 1255
2 145
2 1751
3 1952 1026
2 1954
2 449
3 505 327
2 997
2 1922
2 981
2 539
3 1481 1522
2 121
2 2105
3 467 747
2 576
2 1617
2 844
2 1269
2 1384
3 103 230
3 1035 2056
2 29
3 2159 1030
2 1009
2 371
3 803 170
2 1902
3 1453 1487
1 2605 32232 1997
3 589 1396
3 1213 1379
2 82
2 1918
3 26 1503
1 6946 32501 646
3 1603 235
1 29424 27156 2024
2 1112
3 198 1601
2 1251
3 147 1993
2 781
1 29418 12558 1267
3 102 1587
2 1362
1 2099 30032 547
1 23831 28712 1429
1 16781 7680 1791
1 29059 9443 1188
3 426 1018
1 8082 2818 1571
3 1963 864
3 916 1211
2 1528
1 14090 21218 916
2 259
3 1123 1174
2 1442
1 3933 26427 2139
1 32365 26938 2221
2 424
1 20578 4128 1233
2 442
3 1766 649
3 1456 1706
3 1316 1374
3 674 1531
2 2172
1 6301 12749 2019
2 2158
2 1905
1 14279 6994 1578
3 2010 809
3 1128 656
3 2043 536
3 987 1999
1 952 30958 2031
3 701 1698
2 2250
3 1833 42
2 569
3 1645 1323
1 28889 15262 178
3 475 1934
2 1754
2 836
3 1833 995
1 28033 29999 894
1 13105 10834 169
2 1685
3 654 1353
3 1847 1768
3 189 1786
1 27761 9382 540
2 1544
2 2018
1 27767 18311 801
1 275 13471 358
2 2022
3 1982 515
2 1179
3 255 1582
1 18441 31826 1634
2 838
1 2018 14262 363
2 235
1 22073 12893 457
3 412 1754
2 955
1 10501 20694 546
1 9123 9253 1648
2 548
2 52
1 22052 31492 1789
3 1189 26
3 1715 1257
2 2227
1 6205 2017 893
1 21106 8666 2112
1 2780 5479 1473
1 25562 23549 1907
1 179 6487 957
3 333 2062
3 410 531
2 1410
3 1649 335
2 886
1 8141 16028 1234
1 7549 8144 429
3 1718 195
1 11130 8923 1659
3 2081 2195
3 2019 1900
3 1183 893
2 1108
3 925 895
1 31451 16770 984
3 160 295
2 1623
2 1499
1 22936 22502 515
2 1143
2 1972
2 1792
2 769
1 21118 30429 98
2 551
1 27049 8445 810
2 1741
2 1274
3 72 872
1 15516 5888 1083
1 24603 23977 785
2 1478
2 42
1 13832 10643 630
2 324
1 30226 24531 782
3 425 1786
1 12018 31572 723
1 16393 3653 1602
3 616 2027
1 16110 28185 807
2 965
1 29167 16510 717
2 1038
2 796
2 1599
3 742 2110
1 15568 20707 1597
3 1660 613
1 7980 9260 91
2 1655
2 991
3 1317 1422
1 12475 30968 1735
2 1120
3 2254 1973
3 1483 998
1 8152 649 1855
2 632
2 1075
2 642
1 18289 32755 641
2 1273
3 231 983
1 17054 30232 44
1 4031 5475 556
1 25056 17543 1011
2 1005
3 1702 2185
2 990
1 17767 4601 1333
1 15551 23642 2165
1 11568 10444 158
3 1249 314
3 1431 1823
3 1423 533
3 1528 1157
3 1194 172
3 431 109
1 20347 25929 1651
3 136 489
2 69
1 14298 6126 192
2 871
3 71 1404
3 587 1138
2 2245
1 14899 21034 226
2 1985
3 1005 1584
2 1802
3 995 1975
2 470
1 23353 18215 408
2 100
3 963 1972
3 966 2270
2 1999
1 20176 13216 991
1 17837 529 694
2 219
1 15522 25616 611
2 1060
1 15565 16557 1436
2 1759
2 73
3 1131 1380
3 1266 76
2 2044
1 6866 14260 2042
1 823 471 1086
2 749
3 527 1945
3 170 2257
2 1396
3 2268 1069
1 15202 25751 1852
1 16400 15711 2007
3 444 1968
1 28901 21973 840
2 2151
3 156 1263
3 485 659
2 282
1 25377 16999 554
2 2275
2 2156
3 1258 845
3 512 767
2 662
1 18488 26272 882
2 1818
2 1740
1 12305 25638 550
1 8249 21895 202
1 22877 30780 1740
1 5017 19137 2064
1 12252 29209 1120
3 1356 1739
2 476
3 1644 1646
2 1479
2 871
1 15958 9104 506
2 2005
1 17738 21046 579
3 927 413
2 1934
2 1574
1 16220 1925 1362
1 28307 8824 2132
3 1148 189
2 1722
1 13930 1094 1667
3 372 836
2 691
1 25751 9901 75
3 1926 974
3 481 819
3 480 944
1 27710 24524 587
3 222 971
2 787
3 1415 1065
1 23217 28074 447
1 23264 13838 1206
3 1442 85
2 1290
3 1973 1068
2 1945
2 722
2 1448
3 486 1805
3 1856 2009
3 1049 755
2 1419
3 1272 735
3 2055 1434
3 1936 2076
3 813 2203
1 16081 1061 1329
2 652
2 954
2 2253
2 1875
3 1334 948
1 30573 29596 1395
3 1290 1186
3 181 1563
1 19777 18842 1106
3 1445 986
3 228 1976
1 5350 1069 303
1 12753 25712 243
1 17972 18513 927
1 1039 3237 1101
2 1421
3 1603 936
2 1417
1 9770 10517 2017
3 1717 383
1 7187 25373 1438
2 530
2 549
2 1198
3 98 349
2 527
3 34 1983
3 896 1488
2 2015
1 23 11821 1418
3 1626 1936
3 495 338
2 829
3 71 75
2 21
1 25049 32745 354
3 1730 1969
2 857
2 774
3 1149 1900
2 896
2 38
1 28845 6016 458
1 8675 25941 2180
3 255 2079
2 1383
3 728 1905
3 1488 563
3 468 1762
1 1490 3777 2085
3 489 215
1 7083 30394 1442
1 21877 23777 1291
2 1916
1 15901 22034 2178
1 27702 28883 866
2 1919
3 936 1989
3 1026 654
3 817 2212
1 6171 31208 626
3 865 1059
2 2076
1 21451 13886 1354
3 1485 1302
1 31289 9914 2255
2 1514
1 24428 9449 1326
1 12184 28275 1425
2 2191
1 19872 23493 1219
2 116
3 1181 542
3 171 1280
2 1612
2 269
1 16091 1889 366
3 197 1836
1 32053 11977 1192
2 1063
1 24644 30308 651
3 105 179
2 233
2 9
3 665 1341
2 78
3 108 1151
1 1091 30195 510
2 872
2 1308
1 31348 4189 152
1 31136 10848 284
3 1139 309
3 168 1537
3 295 288
1 29472 21679 292
1 3788 11623 414
1 11832 719 1489
2 580
2 650
2 280
1 24258 6730 1566
2 334
2 1010
3 1003 1420
1 4096 11245 2035
3 790 830
1 26445 607 1062
2 338
2 1981
2 363
2 1707
2 338
1 26041 15835 2010
2 531
2 614
1 19367 5792 953
1 7136 7660 750
1 20266 7738 1498
2 176
3 1543 1086
1 29780 26637 468
2 2057
2 41
3 1364 993
2 566
3 705 799
2 1388
1 15392 10841 315
2 1070
3 267 852
2 221
2 636
2 2
3 1450 957
3 1058 923
2 1377
3 223 738
3 1848 769
3 530 1095
1 3381 18913 133
2 1288
3 1952 935
1 22460 10286 1537
3 1503 1797
3 1380 2060
3 339 2208
1 27394 32422 208
2 1328
3 1916 193
1 2771 2179 1574
3 328 1979
2 1657
1 1911 20381 586
3 1704 275
2 339
2 476
1 7681 30974 1065
3 1863 1795
2 2195
2 1956
2 515
3 1676 328
2 294
1 26816 21066 629
3 632 323
2 2172
3 1600 1095
1 13863 18265 206
3 1549 2187
2 738
1 10979 9466 1360
1 18698 17719 911
1 12244 9244 728
1 3327 13756 1137
2 2028
2 1297
2 1623
3 359 1846
3 484 533
2 839
3 1425 1123
3 1897 911
3 41 1062
1 302 8014 936
1 22823 2303 1051
1 26273 2034 106
2 2116
2 148
2 1514
3 1497 401
2 2230
3 1840 444
2 1250
2 426
2 194
1 18421 24293 414
3 1924 191
3 903 1218
2 2054
2 614
3 567 98
2 1294
1 7639 32101 944
2 642
3 1585 1071
1 28300 18711 1127
3 276 1550
3 726 231
2 2118
3 2271 180
1 15974 6166 276
2 1055
2 1722
2 852
3 569 482
2 1397
3 2183 1851
1 20150 1661 709
1 13323 16608 1293
3 74 248
2 1837
3 1578 1264
1 7901 12569 1725
1 4897 22547 1813
3 375 199
3 1434 1459
3 253 627
1 7906 5874 367
3 295 50
3 399 1315
1 15626 25896 1664
2 854
3 412 322
1 5777 7389 549
1 28564 5380 1697
1 12500 29797 658
3 1076 1311
2 1067
3 1525 1075
1 10249 9709 1738
3 335 2289
1 26420 13605 1073
3 1058 2010
3 1649 1777
2 203
1 16027 14410 509
3 497 1568
2 1400
2 1621
1 8984 7115 630
2 1142
1 24301 12753 549
3 668 486
3 185 1710
1 23989 6516 597
1 30181 15137 596
2 182
2 1917
2 1657
1 23955 29105 118
1 17715 17975 185
3 1811 2002
2 1217
3 1369 1785
2 1935
1 16235 20225 2007
2 2283
3 830 2168
2 691
1 24884 541 529
2 1739
3 1590 2134
1 12374 15609 2025
3 2272 1214
2 801
1 27285 1740 1728
1 27001 5998 921
3 804 1751
2 2115
2 750
2 247
1 22646 18750 1466
2 1555
1 19127 14445 777
3 559 1214
1 20905 31473 1257
1 14162 31187 997
3 1728 273
2 1853
3 32 1133
1 28044 2470 1874
1 16650 4058 910
2 1508
2 1982
1 26654 27813 140
3 1866 589
3 587 1021
3 141 1082
2 1805
3 238 755
3 962 2104
1 12148 27335 1992
1 2332 24584 75
3 1748 263
1 24344 1623 1620
1 32419 21078 1367
1 13 18242 1605
3 1624 701
2 86
3 929 13
2 927
2 1716
2 2032
1 1495 7014 518
3 212 668
2 762
2 1816
2 1734
1 14359 6686 2087
1 9642 9943 1263
2 2200
1 2197 14593 94
2 848
3 314 49
1 7093 24224 1855
3 96 614
2 58
1 26090 8299 1639
3 1148 951
2 835
2 44
1 30312 11461 1196
3 1839 1541
2 1811
2 1859
2 1628
2 1327
2 1122
3 1731 2163
2 2054
3 1118 1060
1 18756 20879 2104
3 141 798
1 3377 11142 1733
3 99 847
2 1416
3 2199 1775
1 8127 24554 128
3 418 1691
1 28795 5860 1438
2 1559
3 1411 39
1 8992 27626 1278
2 707
3 636 1760
2 904
1 5903 25684 2097
2 701
2 102
1 15043 16741 1547
2 446
2 923
3 1488 2081
1 11250 7558 877
1 6923 6091 234
2 982
3 309 768
3 460 374
2 1750
1 1127 17500 2273
3 2005 2267
1 11354 30787 839
3 780 1462
3 1307 1587
3 1214 1703
2 1259
1 2150 32568 1529
2 1240
3 890 1593
3 2243 1892
3 2169 359
1 2718 16574 713
2 1361
1 28715 27594 1014
3 803 974
2 602
1 4449 14265 872
1 23408 20854 765
1 15890 28786 160
1 8136 24043 1190
3 2008 383
2 1538
1 32288 2961 430
2 1430
1 4319 5608 345
3 2172 431
3 495 1236
2 1099
2 1386
1 4995 13589 1732
1 17719 2530 208
3 623 1318
1 27269 4090 1514
1 25235 28901 1982
2 1400
3 690 70
1 21527 4973 1928
2 1990
2 202
1 21173 4237 815
2 296
1 12045 21905 282
1 19378 15072 1451
3 2135 1304
3 893 205
2 1380
1 29672 11316 23
3 353 1174
3 781 1651
2 939
1 32217 28705 1839
2 2157
2 1352
2 216
2 462
1 11088 24014 43
3 831 1604
1 27133 8870 265
1 32289 4013 1645
3 222 774
1 10381 11557 968
2 869
1 32638 14892 1309
1 28731 1139 1077
2 1632
1 531 23478 1239
2 973
3 703 1585
1 29089 4446 897
3 818 492
2 907
2 2023
2 996
2 1258
1 7315 9532 922
3 1715 1493
2 1822
3 1611 2215
2 1928
2 1098
3 700 443
2 84
3 676 1619
3 553 2067
2 2028
3 1891 2102
3 401 888
1 1746 32103 892
1 7520 14709 2101
1 9250 877 896
2 817
2 1803
1 25025 1497 581
2 1997
1 11390 10131 293
3 1146 69
3 502 113
3 1013 1959
1 28755 29372 894
3 2025 1117
1 17024 19183 415
3 520 1688
